3913 4604
3913.1 9719
3913.2 8284
3913.3 8128
3913.4 5151
3913.5 1521
3913.6 3324
3913.7 7361
3913.8 9561
3913.9 9708
3914 4715
3914.1 9160
3914.2 6080
3914.3 1636
3914.4 3914
3914.5 3075
3914.6 9459
3914.7 9644
3914.8 9826
3914.9 9656
3915 9368
3915.1 9493
3915.2 5523
3915.3 9221
3915.4 9396
3915.5 6296
3915.6 2908
3915.7 8866
3915.8 2369
3915.9 7021
3916 8274
3916.1 8717
3916.2 7082
3916.3 7982
3916.4 1650
3916.5 8126
3916.6 8774
3916.7 3495
3916.8 7693
3916.9 9226
3917 8495
3917.1 4471
3917.2 757
3917.3 8070
3917.4 8379
3917.5 9343
3917.6 6923
3917.7 9354
3917.8 9030
3917.9 8618
3918 9125
3918.1 8752
3918.2 8292
3918.3 1457
3918.4 1480
3918.5 7672
3918.6 3238
3918.7 6326
3918.8 8375
3918.9 7405
3919 7297
3919.1 2631
3919.2 4449
3919.3 8878
3919.4 8782
3919.5 8676
3919.6 8113
3919.7 7779
3919.8 7088
3919.9 7806
3920 7163
3920.1 4715
3920.2 1778
3920.3 742
3920.4 4234
3920.5 6024
3920.6 3680
3920.7 3733
3920.8 4130
3920.9 6892
3921 2791
3921.1 3800
3921.2 3641
3921.3 5474
3921.4 5203
3921.5 5179
3921.6 5324
3921.7 2671
3921.8 7540
3921.9 7847
3922 7435
3922.1 5904
3922.2 7950
3922.3 7745
3922.4 5271
3922.5 6820
3922.6 6129
3922.7 3694
3922.8 2466
3922.9 470
3923 1694
3923.1 4170
3923.2 6095
3923.3 6273
3923.4 6865
3923.5 6392
3923.6 7472
3923.7 7349
3923.8 7530
3923.9 7528
3924 7379
3924.1 6568
3924.2 6410
3924.3 7339
3924.4 7246
3924.5 3124
3924.6 6487
3924.7 6944
3924.8 6936
3924.9 6948
3925 6524
3925.1 6494
3925.2 1683
3925.3 6273
3925.4 6346
3925.5 5319
3925.6 4004
3925.7 4729
3925.8 6165
3925.9 3590
3926 1470
3926.1 5361
3926.2 6029
3926.3 5281
3926.4 5493
3926.5 4671
3926.6 5626
3926.7 5602
3926.8 5572
3926.9 5238
3927 5370
3927.1 4921
3927.2 5160
3927.3 4983
3927.4 4321
3927.5 4370
3927.6 3892
3927.7 3500
3927.8 2327
3927.9 518
3928 1458
3928.1 985
3928.2 1899
3928.3 2476
3928.4 3484
3928.5 3859
3928.6 2957
3928.7 3479
3928.8 3658
3928.9 3542
3929 3447
3929.1 1958
3929.2 1584
3929.3 2950
3929.4 2886
3929.5 2988
3929.6 2850
3929.7 2395
3929.8 2687
3929.9 1576
3930 2327
3930.1 2175
3930.2 1695
3930.3 335
3930.4 1600
3930.5 1698
3930.6 2099
3930.7 2069
3930.8 2052
3930.9 1878
3931 1962
3931.1 1464
3931.2 1838
3931.3 1802
3931.4 1741
3931.5 1692
3931.6 1637
3931.7 1585
3931.8 1533
3931.9 1481
3932 1124
3932.1 1376
3932.2 1325
3932.3 1273
3932.4 1223
3932.5 1175
3932.6 1050
3932.7 1081
3932.8 1030
3932.9 949
3933 911
3933.1 841
3933.2 766
3933.3 688
3933.4 649
3933.5 716
3933.6 573
3933.7 442
3933.8 605
3933.9 636
3934 659
3934.1 745
3934.2 821
3934.3 894
3934.4 959
3934.5 1025
3934.6 1086
3934.7 1146
3934.8 1208
3934.9 1255
3935 1308
3935.1 1355
3935.2 1412
3935.3 1221
3935.4 1521
3935.5 1571
3935.6 1487
3935.7 1537
3935.8 1048
3935.9 1639
3936 1288
3936.1 1895
3936.2 1957
3936.3 1993
3936.4 2068
3936.5 2098
3936.6 2177
3936.7 2246
3936.8 2179
3936.9 2390
3937 2447
3937.1 2522
3937.2 2594
3937.3 1908
3937.4 2645
3937.5 2793
3937.6 2877
3937.7 2940
3937.8 3039
3937.9 3082
3938 2131
3938.1 3187
3938.2 3247
3938.3 1702
3938.4 1348
3938.5 3094
3938.6 3475
3938.7 3699
3938.8 3845
3938.9 3848
3939 3994
3939.1 4048
3939.2 4211
3939.3 4286
3939.4 4279
3939.5 4330
3939.6 4608
3939.7 4705
3939.8 4799
3939.9 4926
3940 4347
3940.1 4908
3940.2 5183
3940.3 5061
3940.4 5080
3940.5 5442
3940.6 5324
3940.7 5286
3940.8 4987
3940.9 946
3941 5474
3941.1 5730
3941.2 3528
3941.3 1882
3941.4 5884
3941.5 1423
3941.6 6199
3941.7 3857
3941.8 5317
3941.9 5749
3942 6186
3942.1 6402
3942.2 6236
3942.3 6224
3942.4 2413
3942.5 5084
3942.6 6484
3942.7 6188
3942.8 5680
3942.9 6432
3943 6541
3943.1 3144
3943.2 4586
3943.3 4597
3943.4 5397
3943.5 3950
3943.6 3787
3943.7 4514
3943.8 2650
3943.9 1810
3944 316
3944.1 1461
3944.2 2582
3944.3 4420
3944.4 5344
3944.5 6197
3944.6 6500
3944.7 3249
3944.8 6397
3944.9 1361
3945 4376
3945.1 2202
3945.2 3257
3945.3 3442
3945.4 6188
3945.5 7190
3945.6 7796
3945.7 7844
3945.8 7158
3945.9 6710
3946 7191
3946.1 7901
3946.2 7546
3946.3 8110
3946.4 8062
3946.5 7679
3946.6 7461
3946.7 7650
3946.8 8100
3946.9 7632
3947 1115
3947.1 6598
3947.2 8141
3947.3 8114
3947.4 3768
3947.5 3244
3947.6 6483
3947.7 2980
3947.8 3454
3947.9 8295
3948 7053
3948.1 911
3948.2 7341
3948.3 5397
3948.4 8455
3948.5 8270
3948.6 7668
3948.7 1648
3948.8 1291
3948.9 2688
3949 7942
3949.1 3871
3949.2 6412
3949.3 8589
3949.4 8353
3949.5 8718
3949.6 7832
3949.7 8543
3949.8 7566
3949.9 4889
3950 3788
3950.1 8212
3950.2 8513
3950.3 7511
3950.4 6972
3950.5 8227
3950.6 8841
3950.7 8910
3950.8 8592
3950.9 8796
3951 8313
3951.1 4118
3951.2 2740
3951.3 8302
3951.4 8499
3951.5 8709
3951.6 7278
3951.7 8255
3951.8 7611
3951.9 7787
3952 5726
3952.1 8731
3952.2 6922
3952.3 6834
3952.4 6300
3952.5 7951
3952.6 1014
3952.7 1270
3952.8 5722
3952.9 2008
3953 2578
3953.1 2920
3953.2 4594
3953.3 7603
3953.4 8185
3953.5 3995
3953.6 8631
3953.7 8806
3953.8 8188
3953.9 6600
3954 8640
3954.1 8501
3954.2 8886
3954.3 8911
3954.4 8559
3954.5 6893
3954.6 8263
3954.7 5272
3954.8 8729
3954.9 8689
3955 8554
3955.1 8250
3955.2 5173
3955.3 2639
3955.4 5217
3955.5 7765
3955.6 7625
3955.7 8167
3955.8 8162
3955.9 7297
3956 5736
3956.1 8325
3956.2 8236
3956.3 3146
3956.4 4350
3956.5 3550
3956.6 5761
3956.7 816
3956.8 7277
3956.9 7114
3957 1702
3957.1 5137
3957.2 8058
3957.3 8287
3957.4 8340
3957.5 8280
3957.6 5501
3957.7 7841
3957.8 8157
3957.9 4990
3958 6929
3958.1 7344
3958.2 1045
3958.3 7456
3958.4 5320
3958.5 7978
3958.6 7950
3958.7 6604
3958.8 7535
3958.9 7918
3959 7929
3959.1 7939
3959.2 7057
3959.3 7353
3959.4 7819
3959.5 7471
3959.6 7630
3959.7 7764
3959.8 6744
3959.9 7407
3960 7509
3960.1 7378
3960.2 7160
3960.3 2671
3960.4 7101
3960.5 7037
3960.6 6817
3960.7 6571
3960.8 6163
3960.9 5421
3961 4415
3961.1 3718
3961.2 3428
3961.3 2719
3961.4 1895
3961.5 410
3961.6 1251
3961.7 2232
3961.8 3207
3961.9 3386
3962 4681
3962.1 3053
3962.2 3395
3962.3 5029
3962.4 2805
3962.5 5614
3962.6 5471
3962.7 4032
3962.8 5253
3962.9 4594
3963 5268
3963.1 1084
3963.2 2656
3963.3 5315
3963.4 4548
3963.5 5342
3963.6 5123
3963.7 1287
3963.8 5051
3963.9 4898
3964 4680
3964.1 4904
3964.2 3419
3964.3 2774
3964.4 4552
3964.5 1934
3964.6 4033
3964.7 4216
3964.8 4106
3964.9 3965
3965 3880
3965.1 3800
3965.2 3593
3965.3 3535
3965.4 3378
3965.5 1813
3965.6 3158
3965.7 2816
3965.8 2885
3965.9 2242
3966 2446
3966.1 1329
3966.2 2556
3966.3 2495
3966.4 2386
3966.5 1230
3966.6 1427
3966.7 2030
3966.8 1763
3966.9 1966
3967 1887
3967.1 1800
3967.2 1722
3967.3 1631
3967.4 1265
3967.5 1457
3967.6 1394
3967.7 1308
3967.8 1221
3967.9 1127
3968 981
3968.1 904
3968.2 813
3968.3 806
3968.4 661
3968.5 484
3968.6 683
3968.7 764
3968.8 847
3968.9 967
3969 1074
3969.1 1165
3969.2 1111
3969.3 689
3969.4 1330
3969.5 1486
3969.6 1487
3969.7 1617
3969.8 1658
3969.9 1727
3970 1675
3970.1 1665
3970.2 1807
3970.3 1822
3970.4 1088
3970.5 1758
3970.6 2331
3970.7 2419
3970.8 2551
3970.9 2654
3971 2259
3971.1 2831
3971.2 2902
3971.3 1515
3971.4 2911
3971.5 3275
3971.6 3392
3971.7 3196
3971.8 3115
3971.9 3500
3972 3359
3972.1 3645
3972.2 2239
3972.3 3771
3972.4 2976
3972.5 3344
3972.6 3420
3972.7 4266
3972.8 4628
3972.9 3569
3973 4797
3973.1 3834
3973.2 4409
3973.3 4875
3973.4 5195
3973.5 4448
3973.6 2181
3973.7 1235
3973.8 5138
3973.9 3416
3974 5480
3974.1 5639
3974.2 4829
3974.3 5766
3974.4 2015
3974.5 3182
3974.6 4120
3974.7 3723
3974.8 2533
3974.9 6340
3975 6344
3975.1 6491
3975.2 3066
3975.3 6112
3975.4 6196
3975.5 6704
3975.6 6889
3975.7 6871
3975.8 5555
3975.9 6036
3976 6799
3976.1 3318
3976.2 6925
3976.3 6757
3976.4 3170
3976.5 6343
3976.6 1583
3976.7 1901
3976.8 6529
3976.9 4603
3977 5619
3977.1 7057
3977.2 6766
3977.3 7743
3977.4 7744
3977.5 7658
3977.6 7236
3977.7 3159
3977.8 4346
3977.9 7715
3978 7964
3978.1 7967
3978.2 7336
3978.3 7350
3978.4 6412
3978.5 6188
3978.6 6670
3978.7 4858
3978.8 8000
3978.9 8064
3979 8383
3979.1 8003
3979.2 7670
3979.3 8203
3979.4 8262
3979.5 2986
3979.6 6224
3979.7 7941
3979.8 6647
3979.9 8691
3980 6051
3980.1 8583
3980.2 8678
3980.3 8356
3980.4 8787
3980.5 8415
3980.6 7190
3980.7 8663
3980.8 8581
3980.9 8054
3981 6606
3981.1 4179
3981.2 7399
3981.3 8612
3981.4 8844
3981.5 7289
3981.6 6820
3981.7 6984
3981.8 1614
3981.9 7784
3982 2140
3982.1 8311
3982.2 8650
3982.3 8984
3982.4 8578
3982.5 2786
3982.6 1620
3982.7 9066
3982.8 9188
3982.9 7426
3983 3895
3983.1 8780
3983.2 3650
3983.3 8509
3983.4 8246
3983.5 7602
3983.6 8309
3983.7 8732
3983.8 6683
3983.9 1620
3984 3034
3984.1 6912
3984.2 6386
3984.3 6259
3984.4 8115
3984.5 9038
3984.6 8067
3984.7 6209
3984.8 9163
3984.9 7554
3985 8556
3985.1 9107
3985.2 7463
3985.3 4325
3985.4 1550
3985.5 8861
3985.6 8443
3985.7 9202
3985.8 9014
3985.9 9291
3986 8953
3986.1 8139
3986.2 2669
3986.3 5761
3986.4 8042
3986.5 8152
3986.6 6830
3986.7 2777
3986.8 2102
3986.9 5918
3987 3564
3987.1 2887
3987.2 5774
3987.3 8726
3987.4 7714
3987.5 8735
3987.6 3272
3987.7 9069
3987.8 9307
3987.9 9181
3988 8196
3988.1 9477
3988.2 9382
3988.3 8891
3988.4 9279
3988.5 6467
3988.6 8529
3988.7 9298
3988.8 9105
3988.9 8582
3989 2857
3989.1 4255
3989.2 8458
3989.3 9002
3989.4 9335
3989.5 9199
3989.6 7715
3989.7 6735
3989.8 2565
3989.9 5461
3990 5637
3990.1 6614
3990.2 8352
3990.3 5533
3990.4 3247
3990.5 8762
3990.6 7688
3990.7 9233
3990.8 9329
3990.9 9239
3991 9217
3991.1 2347
3991.2 8448
3991.3 8806
3991.4 6690
3991.5 7533
3991.6 8331
3991.7 3532
3991.8 8652
3991.9 8410
3992 9071
3992.1 8417
3992.2 6488
3992.3 7601
3992.4 5779
3992.5 8554
3992.6 8867
3992.7 9241
3992.8 3933
3992.9 8174
3993 9513
